300
415
192
132
70
311
335
395
468
80
206
214
468
386
283
53
193
256
275
374
83
320
310
292
38
157
95
82
102
277
376
196
430
110
366
478
73
388
266
32
2
219
169
406
224
207
417
140
478
45
220
239
2
221
54
422
104
481
227
247
105
270
299
126
262
181
98
417
413
15
311
480
310
84
372
108
343
43
54
62
271
308
138
435
72
117
283
368
381
123
405
3
377
394
21
394
105
441
49
229
328
68
242
98
234
409
232
256
493
203
262
227
328
400
120
135
457
214
12
159
50
204
335
5
37
287
454
224
117
117
75
168
42
235
450
3
211
45
124
136
117
78
96
401
187
314
285
251
60
333
359
178
230
178
184
284
19
318
255
266
283
286
495
166
450
482
470
209
137
53
42
463
394
170
66
447
137
404
257
2
390
368
103
271
392
76
398
274
314
110
198
228
5
113
5
154
409
336
275
240
138
307
489
178
294
124
117
158
179
338
370
88
398
367
48
475
294
312
122
397
168
194
343
488
67
386
389
349
263
284
347
17
119
254
104
129
425
85
351
305
482
197
468
272
472
342
300
201
271
385
333
397
98
135
38
370
266
210
494
255
137
336
485
447
287
190
355
198
217
14
143
45
442
264
68
499
14
117
393
239
16
108
90
250
242
334
335
225
145
318
76
82
17
76
377
263
7
405
149
77
242
73
379
416
147
160
251
68
284
326
36
177
402
362
438
88
409
220
271
130
364
164
52
416
65
20
470
285
390
376
218
485
471
54
139
478
478
310
75
347
338
371
279
183
273
210
467
145
388
480
183
95
373
45
104
185
196
270
374
195
226
390
275
130
68
72
86
86
86
46
22
156
141
218
438
124
5
417
56
279
422
26
68
389
72
149
80
468
123
335
367
498
229
158
119
212
17
489
441
360
214
322
431
328
378
100
313
467
422
27
9
108
9
48
132
388
51
446
368
147
296
135
252
343
23
229
426
384
392
125
306
402
175
396
179
294
105
253
368
229
152
99
202
422
30
85
465
462
98
334
229
75
383
152
305
33
243
247
75
490
204
425
147
396
479
479
464
429
467
449
451
77
388
247
330
333
484
466
146
426
240
36
14
188
279
64
343
196
444
281
146
41
117
327
33
444
145
440
296
444
410
235
264
493
17
279
372
238
74
398
351
89
166
271
136
385
228
433
323
396
386
351
236
2
67
247
348
490
56
130
218
88
215
480
46
415
291
144
494
347
130
183
143
316
481
57
186
107
429
49
75
389
428
454
264
385
134
221
421
229
335
442
176
80
315
204
259
42
281
361
190
404
74
347
156
172
404
258
16
402
92
264
32
139
62
395
19
477
101
204
324
356
367
227
467
318
354
81
295
75
137
142
209
314
409
187
325
447
4
339
183
89
372
389
271
481
181
213
284
346
230
256
331
98
96
217
244
242
467
175
373
29
30
431
156
201
248
64
302
444
394
317
159
104
146
149
296
232
247
334
259
56
172
193
418
283
92
39
71
416
230
172
470
498
226
88
35
130
402
253
409
224
227
446
170
272
172
360
309
472
256
481
32
17
301
367
122
87
216
260
460
80
478
392
203
202
419
119
373
94
497
51
267
362
32
385
478
453
54
187
243
419
196
359
7
315
136
256
370
498
143
6
329
38
238
336
237
472
10
63
52
36
21
266
167
84
200
98
163
174
500
22
372
486
389
335
20
32
195
263
142
61
217
2
5
419
267
462
211
318
416
339
341
254
207
426
397
141
92
352
276
370
480
90
218
194
88
461
399
30
241
134
100
100
495
293
51
133
202
369
222
460
190
153
87
189
443
291
316
78
482
461
286
299
260
251
486
136
130
67
93
64
169
465
313
315
127
149
231
170
267
216
153
493
421
223
361
228
185
274
31
69
427
485
460
137
295
56
182
191
172
470
191
171
157
11
298
56
477
155
304
225
76
211
359
233
257
261
317
250
105
132
166
373
465
322
236
468
420
218
321
353
252
73
430
388
71
124
437
252
14
153
452
199
475
461
338
197
397
320
375
121
7
393
282
200
161
444
312
18
117
37
309
47
11
304
139
83
467
279
135
70
397
480
154
108
333
402
397
372
68
191
472
259
274
388
356
430
483
322
232
345
37
312
298
9
199
372
302
30
189
279
374
373
264
321
265
58
152
75
435
262
326
417
145
160
416
189
438
7
191
81
298
15
4
472
275
230
295
291
451
42
74
1
12
125
219
77
173
301
191
432
2
216
310
276
194
231
140
35
13
73
151
49
192
288
166
226
120
38
